001000110110
001100000110
010000101111
010100011001
010010011010
001110111101
010000011100
010001010010
001000101011
001111011011
001011001011
001110001111
010110011110
010001000100
001011011100
001011000111
001110111110
010101111001
001100100011
010011010001
001001001110
001101110001
001111111011
010101001011
001110010001
010000110110
010101001111
010000100100
010010001110
010001100011
010001010011
010101010011
001101100110
001100101101
001100011011
010000001011
010001010110
010010111000
010001011010
001101110010
001010011001
001111100100
001101111110
001111010001
001100000111
010000101001
010010111100
001111101100
010001100000
001111101110
001101111101
001101101001
010001101110
010000000110
001110000011
010000010000
001111100000
001011101111
001110110101
001011010101
010011100111
001101111001
001011111010
001101011110
001010100110
001100010111
010000000100
001011001110
001100111001
010100001100
010100000111
001110010110
001111010100
010010011100
010001111100
010001110011
010000110010
010011010001
010001011011
010001001010
010000110011
010110010101
010010110010
001011010111
001110011111
001100111000
010100001110
010011101111
001001010011
001110100010
001100100011
010001000110
010101111011
001111101000
010010100010
010001010011
010110000100
001111001000
001110111100
001110110111
000010111111
111111101110
111101001111
000000000001
111110100010
000011011110
111011001111
000100111010
000000100110
000000100011
111101000011
111110101001
111110000101
000001001011
000001001001
000000101001
111111000111
000000110010
000010111000
000001111101
000001110111
000000000101
000010001111
000010100011
000011110111
111101110111
111101110110
000001001110
000001001010
111111000010
000000000010
111111001010
000000001110
111110100101
111111001000
000000101100
000001001001
111110110101
000001100010
000000000101
000000101111
000011111000
111111010011
000000100111
000010101001
000000001000
111110010011
111110111011
111011101001
111111010111
111110010010
000010001100
000000111000
000000100111
111111101000
000001111010
111110111010
000000011111
000010011010
111100011111
000000010100
111101101010
000001010111
111111111110
000000111111
111111001010
000100111111
111101110101
111110011100
000011001010
111110001100
111110100000
000001011010
000000101100
111101010101
000010010001
000100000011
111011011100
000001000001
111101011111
111101101110
111110011100
111110100011
111011110111
000000100011
111101101011
000011101010
111101010011
000001100000
111110110101
111111100001
000011011000
111111101011
000000110011
111100001100
111111010011
000011111111
000001000111
111111010010
000010100011
000001100001
000000011010
000100000111
111110110111
111110111101
111110100110
000000011101
111111001110
111100111101
000001110000
000000100000
111100000001
000001010001
111101110001
000011000100
111101011000
000001000001
111111110101
111110000011
111101011011
111100111011
111110110000
111111001110
111101010011
000001010001
000000100100
111100101110
000100110100
000010000100
111111110100
111011010001
000011110000
000010110000
111110001000
000001101011
000001100110
000101000101
111111100000
111111011101
111110001011
111110000000
111110111110
111110100101
000000001110
000100011010
000011001110
111101110010
111110101001
111110000011
000000110101
000001110101
000010101000
000000100110
111101110001
111101000111
000001101011
111101101111
000000100010
000001100000
000000101010
111111111101
111101000111
000001100111
111111101101
111110001001
111100111010
111110110101
111101111011
000001100111
111111001101
111110001100
111101000101
000001100001
111011100001
000000101100
111100111001
111111101101
111101100010
000000001010
000011110011
000000000011
111100100010
000000001001
000010011111
000000111001
111110110000
111101100001
000000011010
000010100111
111100000101
111110010110
000000011100
111111010110
111111111000
111100100111
000000000011
000000101111
000010001010
000001011011
111101110100
111111001100
000000011010
000000000001
000010001001
111111010101
000010110100
111101100011
000000001110
111110010110
000001101001
000001000010
000010011111
000000011000
000000011110
000011011101
111110010001
111100111101
111101100111
111011010000
000010011110
111100111000
000000001110
000000001001
000010001111
111111110100
111101101001
000010100000
111110010111
000010001000
111110011011
000000100110
000001110100
111010110011
000001100111
111110000001
111110101100
000001011101
111111001011
111110000001
111111100101
000000010110
111101111000
111111000001
000011001100
000001101110
000011101001
111100111101
111010111000
000001010011
000001100101
000100110110
000011100111
000001001110
000010101100
111100111000
000011001001
111101010000
111101111000
000000011001
000001011001
111110100100
111101100100
000001110110
111111011010
111110010110
000000100001
111110111010
111111010111
111111011100
000001101111
111011111101
111111000100
111111110011
111110111100
000001110011
111111010110
000010100111
111101001111
111100011011
111111011011
111110011011
111111111100
111100111001
111100100110
000010001111
000010001001
111111101010
000010010010
111101111111
000000111011
111111011011
000011101110
000000111001
000001010110
000001011000
111100110001
111100100011
000000110001
111111101001
000001110001
111101001010
000000110011
111110001010
001000100001
111011000011
000011110111
111111100001
000001111110
111111110111
000001011001
111101011100
111100011011
000011000000
000000100110
000000011100
000011011110
000000010101
000010011111
111110001111
111011111000
000001000001
111010110011
111101011101
000101010111
000011101100
000000111001
111110010001
111101111111
111110101101
001000100011
000000000110
111100101110
111110110011
110111111000
000100101001
000101001111
111101100011
111110011011
000010000100
000011100111
111111100000
111011000000
111011111110
000011011001
000010000000
111010011110
111110101000
111111111111
000010001011
111100100101
111101101111
111011110110
000100000000
111011001111
000001101110
000001110101
111111011110
000010001101
000110001000
000001001111
001001000111
000010100010
111100001100
000000011111
000001011111
111111011001
111011111111
000110110110
111101100111
000001010100
000001001010
111111110101
111111110101
111101110001
000000101011
111011001011
111111111010
000001111001
000011011001
111110001001
000010001101
111100101010
111110010011
000000010000
111110000011
111100100000
111111000110
000001000001
000010100000
111110101111
111111010101
111100001110
111101101011
000011010110
000000011100
111101010110
000010001100
000000001111
000101111001
111110010011
111111001100
000000011010
000000000001
000010001001
111111010101
000010110100
111101100011
000000001110
111110010110
000001101001
000001000010
000010011111
000000011000
000000011110
000011011101
111110010001
111100111101
111101100111
111011010000
000010011110
111100111000
000000001110
000000001001
000010001111
111111110100
111101101001
000010100000
111110010111
000010001000
111110011011
000000100110
000001110100
111010110011
000001100111
111110000001
111110101100
000001011101
111111001011
111110000001
111111100101
000000010110
111101111000
111111000001
000011001100
000001101110
000011101001
111100111101
111010111000
000001010011
000001100101
000100110110
000011100111
000001001110
000010101100
111100111000
000011001001
111101010000
111101111000
000000011001
000001011001
111110100100
111101100100
000001110110
111111011010
111110010110
000000100001
111110111010
111111010111
111111011100
000001101111
111011111101
111111000100
111111110011
111110111100
000001110011
111111010110
000010100111
111101001111
111100011011
111111011011
111110011011
111111111100
111100111001
111100100110
000010001111
000010001001
111111101010
000010010010
111101111111
000000111011
111111011011
000011101110
000000111001
000001010110
000001011000
111100110001
111100100011
000000110001
111111101001
000001110001
000001100001
000000011010
000100000111
111110110111
111110111101
111110100110
000000011101
111111001110
111100111101
000001110000
000000100000
111100000001
000001010001
111101110001
000011000100
111101011000
000001000001
111111110101
111110000011
111101011011
111100111011
111110110000
111111001110
111101010011
000001010001
000000100100
111100101110
000100110100
000010000100
111111110100
111011010001
000011110000
000010110000
111110001000
000001101011
000001100110
000101000101
111111100000
111111011101
111110001011
111110000000
111110111110
111110100101
000000001110
000100011010
000011001110
111101110010
111110101001
111110000011
000000110101
000001110101
000010101000
000000100110
111101110001
111101000111
000001101011
111101101111
000000100010
000001100000
000000101010
111111111101
111101000111
000001100111
111111101101
111110001001
111100111010
111110110101
111101111011
000001100111
111111001101
111110001100
111101000101
000001100001
111011100001
000000101100
111100111001
111111101101
111101100010
000000001010
000011110011
000000000011
111100100010
000000001001
000010011111
000000111001
111110110000
111101100001
000000011010
000010100111
111100000101
111110010110
000000011100
111111010110
111111111000
111100100111
000000000011
000000101111
000010001010
000001011011
111101110100
000010111111
111111101110
111101001111
000000000001
111110100010
000011011110
111011001111
000100111010
000000100110
000000100011
111101000011
111110101001
111110000101
000001001011
000001001001
000000101001
111111000111
000000110010
000010111000
000001111101
000001110111
000000000101
000010001111
000010100011
000011110111
111101110111
111101110110
000001001110
000001001010
111111000010
000000000010
111111001010
000000001110
111110100101
111111001000
000000101100
000001001001
111110110101
000001100010
000000000101
000000101111
000011111000
111111010011
000000100111
000010101001
000000001000
111110010011
111110111011
111011101001
111111010111
111110010010
000010001100
000000111000
000000100111
111111101000
000001111010
111110111010
000000011111
000010011010
111100011111
000000010100
111101101010
000001010111
111111111110
000000111111
111111001010
000100111111
111101110101
111110011100
000011001010
111110001100
111110100000
000001011010
000000101100
111101010101
000010010001
000100000011
111011011100
000001000001
111101011111
111101101110
111110011100
111110100011
111011110111
000000100011
111101101011
000011101010
111101010011
000001100000
111110110101
111111100001
000011011000
111111101011
000000110011
111100001100
111111010011
000011111111
000001000111
111111010010
000010100011
