0.000000
0.000000
0.000000
0.000000
0.000000
0.000000
0.000000
0.000000
0.000000
0.000000
0.000000
0.000000
0.000000
0.000000
0.000000
0.000000
0.000000
0.000000
0.000000
0.000000
0.000000
0.000000
0.000000
0.000000
0.000000
0.000000
0.000000
0.000000
0.000000
0.000000
0.000000
0.000000
0.000000
0.000000
0.000000
0.000000
0.000000
0.000000
0.000000
0.000000
0.000000
0.000000
0.000000
0.000000
0.000000
0.000000
0.000000
0.000000
0.000000
0.000000
0.000000
0.000000
0.000000
0.000000
0.000000
0.000000
0.000000
0.000000
0.000000
0.000000
0.000000
0.000000
0.000000
0.000000
0.000000
0.000000
0.000000
0.000000
0.000000
0.000000
0.000000
0.000000
0.000000
0.000000
0.000000
0.000000
0.000000
0.000000
0.000000
0.000000
0.000000
0.000000
0.000000
0.000000
0.000000
0.000000
0.000000
0.000000
0.000000
0.000000
0.000000
0.000000
0.000000
0.000000
0.000000
0.000000
0.000000
0.000000
0.000000
0.000000
-0.226563
0.000000
-0.246094
-0.730469
0.093750
0.160156
-0.570313
-1.000000
-0.195313
-0.281250
-0.289063
0.410156
-0.195313
-0.007813
0.460938
0.007813
0.894531
0.531250
0.417969
-0.867188
-0.132813
-0.371094
-0.703125
0.093750
0.253906
-0.941406
-0.191406
0.343750
0.894531
0.355469
-1.000000
-0.160156
-0.089844
0.175781
0.253906
-0.851563
0.183594
-1.000000
-0.300781
0.152344
0.351563
-1.000000
0.921875
0.039063
-0.226563
-0.214844
-0.164063
0.285156
-0.636719
0.960938
0.273438
0.503906
0.292969
0.996094
-0.250000
0.097656
0.996094
-0.089844
-0.183594
-0.257813
0.011719
-0.574219
0.292969
-0.574219
0.929688
0.394531
-0.382813
0.390625
-1.000000
-0.570313
0.738281
-0.027344
-0.523438
0.109375
-0.582031
0.996094
-0.039063
-0.527344
0.644531
-0.320313
-1.000000
0.636719
-0.531250
-0.500000
-0.117188
0.523438
-0.046875
-0.140625
-0.003906
-0.757813
0.925781
-0.019531
0.542969
-0.550781
0.148438
-1.000000
0.511719
-0.503906
-0.460938
0.121094
-0.164063
0.699219
-0.886719
-0.042969
-0.046875
-0.464844
-0.523438
-0.046875
-0.339844
0.996094
0.707031
-1.000000
0.996094
-1.000000
-0.042969
-0.535156
-0.542969
-0.085938
0.101563
-0.253906
0.343750
0.730469
-0.957031
-0.902344
-0.074219
0.578125
-0.714844
0.179688
0.785156
-0.328125
-0.039063
0.695313
0.578125
-0.832031
0.132813
-0.562500
0.179688
-0.375000
-0.730469
0.550781
0.062500
0.359375
-0.687500
0.054688
-0.781250
-0.375000
-1.000000
-0.468750
0.289063
-0.054688
0.039063
0.933594
-0.480469
-0.054688
-0.972656
-0.492188
0.453125
-0.289063
0.207031
0.089844
0.945313
-0.140625
0.171875
-0.132813
0.750000
0.851563
0.019531
-0.132813
-0.214844
0.320313
0.019531
-0.730469
0.429688
-0.605469
0.937500
-0.734375
-0.750000
-0.078125
0.175781
-0.394531
0.996094
0.011719
0.480469
0.386719
-0.007813
0.304688
-1.000000
-0.101563
0.304688
0.996094
-0.457031
-0.679688
0.394531
-0.464844
0.140625
0.437500
-0.054688
0.488281
-0.976563
0.996094
-0.601563
0.691406
0.082031
-0.738281
-1.000000
0.742188
-0.695313
-0.328125
-0.042969
0.589844
0.613281
-0.863281
0.234375
0.707031
-0.042969
-0.265625
0.000000
0.957031
-0.433594
0.156250
0.703125
-0.070313
0.492188
0.101563
-0.558594
0.058594
-0.507813
0.230469
-0.410156
-0.300781
-1.000000
0.750000
0.695313
-0.492188
-0.535156
0.679688
0.359375
0.339844
0.410156
0.675781
0.996094
0.300781
-0.144531
0.742188
0.238281
0.195313
0.003906
-0.875000
0.125000
0.656250
0.644531
0.820313
-0.453125
-0.019531
-1.000000
0.949219
0.257813
0.285156
0.996094
-0.371094
-0.082031
0.035156
-0.121094
-0.007813
0.105469
-0.398438
0.562500
-0.058594
-0.664063
-1.000000
0.957031
-0.386719
0.011719
0.402344
0.816406
0.035156
0.816406
-0.589844
0.089844
-0.203125
0.199219
-0.109375
0.023438
-0.363281
-0.265625
-0.347656
0.800781
-0.519531
0.207031
0.546875
0.214844
0.125000
-0.839844
-0.195313
0.476563
-0.078125
-0.546875
-0.675781
0.593750
-0.371094
0.000000
0.000000
0.000000
0.000000
0.000000
0.000000
0.000000
0.000000
0.000000
0.000000
0.000000
0.000000
0.000000
0.000000
0.000000
0.000000
0.000000
0.000000
0.000000
0.000000
0.000000
0.000000
0.000000
0.000000
0.000000
0.000000
0.000000
0.000000
0.000000
0.000000
0.000000
0.000000
0.000000
0.000000
0.000000
0.000000
0.000000
0.000000
0.000000
0.000000
0.000000
0.000000
0.000000
0.000000
0.000000
0.000000
0.000000
0.000000
0.000000
0.000000
0.000000
0.000000
0.000000
0.000000
0.000000
0.000000
0.000000
0.000000
0.000000
0.000000
0.000000
0.000000
0.000000
0.000000
0.000000
0.000000
0.000000
0.000000
0.000000
0.000000
0.000000
0.000000
0.000000
0.000000
0.000000
0.000000
0.000000
0.000000
0.000000
0.000000
0.000000
0.000000
0.000000
0.000000
0.000000
0.000000
0.000000
0.000000
0.000000
0.000000
0.000000
0.000000
0.000000
0.000000
0.000000
0.000000
0.000000
0.000000
0.000000
0.000000
0.601563
-0.691406
-0.082031
0.738281
0.996094
-0.742188
0.695313
0.328125
0.042969
-0.589844
-0.613281
0.863281
-0.234375
-0.707031
0.042969
0.265625
0.000000
-0.957031
0.433594
-0.156250
-0.703125
0.070313
-0.492188
-0.101563
0.558594
-0.058594
0.507813
-0.230469
0.410156
0.300781
0.996094
-0.750000
-0.695313
0.492188
0.535156
-0.679688
-0.359375
-0.339844
-0.410156
-0.675781
-1.000000
-0.300781
0.144531
-0.742188
-0.238281
-0.195313
-0.003906
0.875000
-0.125000
-0.656250
-0.644531
-0.820313
0.453125
0.019531
0.996094
-0.949219
-0.257813
-0.285156
-1.000000
0.371094
0.082031
-0.035156
0.121094
0.007813
-0.105469
0.398438
-0.562500
0.058594
0.664063
0.996094
-0.957031
0.386719
-0.011719
-0.402344
-0.816406
-0.035156
-0.816406
0.589844
-0.089844
0.203125
-0.199219
0.109375
-0.023438
0.363281
0.265625
0.347656
-0.800781
0.519531
-0.207031
-0.546875
-0.214844
-0.125000
0.839844
0.195313
-0.476563
0.078125
0.546875
0.675781
-0.593750
0.371094
0.164063
-0.699219
0.886719
0.042969
0.046875
0.464844
0.523438
0.046875
0.339844
-1.000000
-0.707031
0.996094
-1.000000
0.996094
0.042969
0.535156
0.542969
0.085938
-0.101563
0.253906
-0.343750
-0.730469
0.957031
0.902344
0.074219
-0.578125
0.714844
-0.179688
-0.785156
0.328125
0.039063
-0.695313
-0.578125
0.832031
-0.132813
0.562500
-0.179688
0.375000
0.730469
-0.550781
-0.062500
-0.359375
0.687500
-0.054688
0.781250
0.375000
0.996094
0.468750
-0.289063
0.054688
-0.039063
-0.933594
0.480469
0.054688
0.972656
0.492188
-0.453125
0.289063
-0.207031
-0.089844
-0.945313
0.140625
-0.171875
0.132813
-0.750000
-0.851563
-0.019531
0.132813
0.214844
-0.320313
-0.019531
0.730469
-0.429688
0.605469
-0.937500
0.734375
0.750000
0.078125
-0.175781
0.394531
-1.000000
-0.011719
-0.480469
-0.386719
0.007813
-0.304688
0.996094
0.101563
-0.304688
-1.000000
0.457031
0.679688
-0.394531
0.464844
-0.140625
-0.437500
0.054688
-0.488281
0.976563
-1.000000
0.226563
0.000000
0.246094
0.730469
-0.093750
-0.160156
0.570313
0.996094
0.195313
0.281250
0.289063
-0.410156
0.195313
0.007813
-0.460938
-0.007813
-0.894531
-0.531250
-0.417969
0.867188
0.132813
0.371094
0.703125
-0.093750
-0.253906
0.941406
0.191406
-0.343750
-0.894531
-0.355469
0.996094
0.160156
0.089844
-0.175781
-0.253906
0.851563
-0.183594
0.996094
0.300781
-0.152344
-0.351563
0.996094
-0.921875
-0.039063
0.226563
0.214844
0.164063
-0.285156
0.636719
-0.960938
-0.273438
-0.503906
-0.292969
-1.000000
0.250000
-0.097656
-1.000000
0.089844
0.183594
0.257813
-0.011719
0.574219
-0.292969
0.574219
-0.929688
-0.394531
0.382813
-0.390625
0.996094
0.570313
-0.738281
0.027344
0.523438
-0.109375
0.582031
-1.000000
0.039063
0.527344
-0.644531
0.320313
0.996094
-0.636719
0.531250
0.500000
0.117188
-0.523438
0.046875
0.140625
0.003906
0.757813
-0.925781
0.019531
-0.542969
0.550781
-0.148438
0.996094
-0.511719
0.503906
0.460938
-0.121094
