001101011
001110000
010001101
011111000
000111001
011100101
000010100
011100000
000000011
011000101
000101110
000100111
011000111
010000100
011011001
000111001
001001011
010100110
000011001
010010111
000001100
000110101
010000100
011110110
011011111
001001111
001101101
010111011
011011101
010100101
001001001
011011100
001000000
000001010
001110101
010111010
011110010
001100011
010001100
001101000
001000000
001100000
000011101
011010110
011111101
011001001
000011101
000000100
001001101
001111111
010101101
011010011
011011001
001101100
000011000
011111100
000010110
001011101
011101101
001001101
011010011
000001001
010001110
001100001
000111000
000100111
010001100
001000010
001001100
011101101
000110000
000011011
010100101
000110100
010010010
001010000
011101011
000001100
010000000
010000110
001011011
001000110
001000010
000001100
010011111
000110100
010101000
010100110
010000000
000100111
000110011
011100011
010011011
010111000
000111011
000110111
011010110
010111011
010101100
010001011
010111000
000000111
010110101
010001100
011011111
001010101
011001000
011111000
010000000
000000101
000000101
010111101
000111101
011000110
000101110
010000110
010001000
010000001
011000011
011100110
001001010
001111011
011110010
010110011
010010101
010000101
011010001
010010000
001001001
001100001
011110101
001011111
001110011
011001000
001001111
010011010
001110111
011011100
011001100
000001110
000001100
011110011
010011100
000011011
010001101
010100011
011111001
011100100
000111111
000111010
000001011
000000111
010010000
001011101
011111001
001010101
000111011
001110100
000101000
000110000
000101110
001111101
001100101
010010001
000001000
000100010
011011100
000001011
011001111
011011111
001100011
010101111
010001010
011001001
000010001
011010010
010100100
010101110
001111000
010110011
001010111
010100100
010101111
001011111
010000010
000110101
011110100
010000010
001000010
000101000
001010100
011001010
010101000
010011011
000110001
011101001
011111000
010010001
001111101
001000111
000000000
010001101
001001010
011111001
000110101
011010010
001110000
011011111
001111111
010100010
001110111
001000011
011010011
011011111
000001110
010001101
000110001
011100001
000111111
011100100
010111001
001101100
011000100
011111111
001000111
011000101
010111100
000100000
000010011
010101010
011000101
010001110
001101001
000011000
000111011
011110100
000110001
011110010
011010010
011001010
010101101
010111011
000100010
010111111
001001000
001000000
010111011
001001001
011101101
001000001
001011000
000110110
001110100
000101111
001111100
010101100
001101001
001111111
011011110
001010011
011100001
011011001
000001100
010011000
001001010
001011101
010110000
010010101
001011010
010010110
011010101
010001001
010000011
011011100
011100011
001010110
011000001
011001100
010000000
001000101
011101111
010100000
010101010
000111110
001001100
000100111
011111001
010000111
001000010
011111100
001001100
001101101
001001111
010110001
011100011
011010001
001110010
001001101
011010011
001101101
001001101
001101111
010000011
010110111
011101011
000001011
010111001
010001000
000100010
011000000
010111010
010001001
011110111
000000010
001011101
000001100
000010001
000101111
000100011
011010001
000000110
011011100
001001000
000111000
000110000
011001010
011011110
001100110
011000011
000101010
011111101
011110101
001000011
010100010
001000111
000100101
010010101
010110100
000011111
001001010
000001011
010011001
000111110
001011100
000010100
011000010
001011010
001001101
011100100
001100101
010100101
010011110
001011010
010000101
000111110
000110010
001010000
000010011
000010110
010101010
010000000
001101001
010000111
001110011
000101100
010101110
001010101
000011101
011001010
011101000
000110011
001011111
010011100
001010100
011101110
000110010
000100100
011001101
000100110
010101101
011101010
011000111
011000111
010100001
010100111
011000001
000011001
011100101
000011001
011101000
000011000
001111011
011110110
001101100
010111000
011100111
001001001
011001000
000001000
011011000
000100110
001101100
011100101
010110011
001111101
000011100
011111010
000111100
000100100
010000000
001101100
000000100
011111001
001001111
001000111
001011100
011001001
011011010
001010101
000001001
000110101
000101100
000111001
001011100
001101001
011011111
001100010
011001000
001110100
011110110
000110101
010111101
011011111
000000100
011010001
011001111
010011111
010100010
010011010
001110011
000011110
000101000
001010100
001011100
001110010
001010000
010110101
011001011
010101111
001100001
001001001
000011001
010010110
000000010
010001000
001011011
010010001
010010010
010010011
010010001
011110111
010100010
000100111
001110101
001001110
000110010
000001111
010011100
010010000
001010001
011101011
001101010
001111110
001000000
010101110
000011100
000010110
011110111
011010010
011101000
011010110
001111010
011010100
011111101
001000110
000111010
000111110
010110011
010010000
000110000
001010101
000000000
010001001
001110011
010001000
010110101
011000101
001111111
011001111
000000001
000011000
001010101
011100101
000110111
010011101
010011000
010001010
000000011
000111000
000111010
001111100
011101011
001110100
011110101
010001000
000111001
010101000
011000000
000010101
010110001
000001101
001010111
010110000
010111101
000011110
000110000
011111011
010000011
010001011
001011001
000100011
011010001
000101111
011110000
000011101
001011101
010101111
010011011
010000111
001001110
010011011
000101000
011011100
010011100
001111001
011110000
011001101
001010011
010010001
011111111
011110011
010011111
010001001
011111000
001001001
011010000
010001100
001001010
001001000
001100110
000000001
001001010
010000000
001010000
000101010
001000000
001100011
001001100
001000001
000100110
011001010
010010110
000110111
011001111
010001011
011110110
011001010
001110010
001010010
010101111
000001111
011110110
001011011
000100001
010000110
010101010
011011110
010110111
000000100
001000101
010111010
011011011
010101001
001100100
011011111
000011110
001001101
000011110
010010001
000011111
000110000
000110100
000100000
011111010
011000100
010001000
010000000
001101110
001101011
000110011
000000011
011100111
010011100
010000011
001001110
010110000
010100011
010101011
010101100
001100001
001001101
001000101
000101011
011111111
010101111
001000101
011100101
000101111
010111010
011111110
011101001
000011010
000000101
001101101
010100000
000110000
000011010
000110011
001110111
010000111
000110001
000001111
010101011
001100101
000001100
000001011
010100101
011011101
010001100
001101000
000101000
000001110
011010100
011001101
011011101
000111111
011001111
001001111
001000010
001100001
011101100
010001011
001000010
001010000
010110011
011000010
000110111
011001111
000011011
011011100
010111001
010110111
000111110
010110111
000110000
011011101
001010011
011010101
011000111
000110110
001000000
011111111
001100011
000101100
001100000
010010111
010001100
010111000
000100111
001010110
010100111
001011010
011111111
010000011
010111001
000011000
011111010
001100011
001001100
010101100
001011000
010011111
000110101
000000010
010000101
001101011
000010010
001100111
001000000
011000011
001111101
000001001
011000111
001010001
001001110
000101010
010010011
011111101
011001110
010000101
010101010
010110001
001100100
001010001
001110000
001111111
000110110
011011010
011011001
000111100
000010010
011101110
011110100
001000001
001000111
001000010
010111111
001100011
001111001
010100000
010101011
011011110
010001011
001101001
000101010
001110001
001101010
001110011
000110110
011000110
001100011
011110110
001000100
011000010
000001011
001110101
011101011
001100000
010010000
000000011
010100001
000111010
010001011
001001011
011000110
010001111
011101111
000011000
000001111
001101111
011111111
000101100
010010010
010101001
010011110
011011010
010001011
000111111
011010001
001010001
010000010
011010101
010111110
001000010
001011111
001101100
010111000
000111001
001111011
010100101
010000001
001111101
011000000
000011101
001111011
010010000
011101110
001100101
000001100
011010011
